2 8
3 3
6 234
7 96
11 28
15 28
168 3
169 18
170 18
171 18
172 126
173 136
174 175
175 26
176 166
177 255
178 247
179 127
192 30
193 36
194 94
195 154
196 170
197 253
198 253
199 253
200 253
201 253
202 225
203 172
204 253
205 242
206 195
207 64
219 49
220 238
221 253
222 253
223 253
224 253
225 253
226 253
227 253
228 253
229 251
230 93
231 82
232 82
233 56
234 39
247 18
248 219
249 253
250 253
251 253
252 253
253 253
254 198
255 182
256 247
257 241
276 80
277 156
278 107
279 253
280 253
281 205
282 11
284 43
285 154
305 14
306 1
307 154
308 253
309 90
335 139
336 253
337 190
338 2
363 11
364 190
365 253
366 70
392 35
393 241
394 225
395 160
396 108
397 1
421 81
422 240
423 253
424 253
425 119
426 25
450 45
451 186
452 253
453 253
454 150